myid,depot,eff_date,day,pullout2,swingdur,swingdursec,runno,start,arrive,finish,worktime,pay,leave,r1,b1,potype1,pot1,pitype1,pit1,stime1,stimeint1,start22,r2,b2,potype2,pot2,pitype2,pit2,stime2,stimeint2,start23,r3,b3,potype3,pot3,pitype3,pit3,stime3,stimeint3,start24,r4,b4,potype4,pot4,pitype4,pit4,stime4,stimeint4,start25,r5,b5,potype5,pot5,pitype5,pit5,stime5,stimeint5,start26,r6,b6,potype6,pot6,pitype6,pit6,stime6,stimeint6,start27,r7,b7,potype7,pot7,pitype7,pit7,stime7,stimeint7,start28,r8,b8,potype8,pot8,pitype8,pit8,stime8,stimeint8,start29,r9,b9,potype9,pot9,pitype9,pit9,stime9,stimeint9,start210,r10,b10,potype10,pot10,pitype10,pit10,stime10,stimeint10,sum1, sum12,sum2, sum22,sum3, sum32,sum4, sum42,sum5, sum52,sum6, sum62,sum7, sum72,sum8, sum82,sum9, sum92,sum10, sum102,
Victory Bussaturday1,Victory Bus,2-28-2026,saturday,,,,1,2023-10-11 05:48 AM,,2023-10-11 3:11 PM,8.7,8.7,,103,4201,O,06:01 AM,CG,07:30 AM,1:29,89,,105,4201,CG,07:30 AM,CG,09:05 AM,1:35,95,,103,4201,CG,09:05 AM,CG,10:45 AM,1:40,100,,106,4201,CG,10:45 AM,L,12:50 PM,2:05,125,,106,4201,L,01:30 PM,CG,01:30 PM,0:00,0,,105,4201,CG,01:30 PM,I,03:09 PM,1:39,99,,,,,,,,,,,,,,,,,,,,,,,,,,,,,,,,,,,,,RTE: 103 SCHD: 1:29,--> O: 06:01 AM > CG: 07:30 AM,RTE: 105 SCHD: 1:35,--> CG: 07:30 AM > CG: 09:05 AM,RTE: 103 SCHD: 1:40,--> CG: 09:05 AM > CG: 10:45 AM,RTE: 106 SCHD: 2:05,--> CG: 10:45 AM > L: 12:50 PM,RTE: 106 SCHD: 0:00,--> L: 01:30 PM > CG: 01:30 PM,RTE: 105 SCHD: 1:39,--> CG: 01:30 PM > I: 03:09 PM,,,,,,,,,
Victory Bussaturday2,Victory Bus,2-28-2026,saturday,,,,2,2023-10-11 06:48 AM,,2023-10-11 6:28 PM,11.0,11.0,,103,4202,O,07:01 AM,CG,08:30 AM,1:29,89,,105,4202,CG,08:30 AM,L,12:05 PM,3:35,215,,105,4202,L,12:45 PM,CG,12:45 PM,0:00,0,,106,4202,CG,12:45 PM,CG,03:30 PM,2:45,165,,105,4202,CG,03:30 PM,CG,05:45 PM,2:15,135,,106,4202,CG,05:45 PM,I,06:26 PM,0:41,41,,,,,,,,,,,,,,,,,,,,,,,,,,,,,,,,,,,,,RTE: 103 SCHD: 1:29,--> O: 07:01 AM > CG: 08:30 AM,RTE: 105 SCHD: 3:35,--> CG: 08:30 AM > L: 12:05 PM,RTE: 105 SCHD: 0:00,--> L: 12:45 PM > CG: 12:45 PM,RTE: 106 SCHD: 2:45,--> CG: 12:45 PM > CG: 03:30 PM,RTE: 105 SCHD: 2:15,--> CG: 03:30 PM > CG: 05:45 PM,RTE: 106 SCHD: 0:41,--> CG: 05:45 PM > I: 06:26 PM,,,,,,,,,
Victory Bussaturday3,Victory Bus,2-28-2026,saturday,,,,3,2023-10-11 02:48 PM,,2023-10-11 10:22 PM,7.1,8.0,,103,4203,O,03:01 PM,CG,04:45 PM,1:44,104,,106,4203,CG,04:45 PM,CG,07:05 PM,2:20,140,,103,4203,CG,07:05 PM,L,08:11 PM,1:06,66,,103,4203,L,08:30 PM,CG,08:30 PM,0:00,0,,105,4203,CG,08:30 PM,CG,10:05 PM,1:35,95,,103,4203,CG,10:05 PM,I,10:20 PM,0:15,15,,,,,,,,,,,,,,,,,,,,,,,,,,,,,,,,,,,,,RTE: 103 SCHD: 1:44,--> O: 03:01 PM > CG: 04:45 PM,RTE: 106 SCHD: 2:20,--> CG: 04:45 PM > CG: 07:05 PM,RTE: 103 SCHD: 1:06,--> CG: 07:05 PM > L: 08:11 PM,RTE: 103 SCHD: 0:00,--> L: 08:30 PM > CG: 08:30 PM,RTE: 105 SCHD: 1:35,--> CG: 08:30 PM > CG: 10:05 PM,RTE: 103 SCHD: 0:15,--> CG: 10:05 PM > I: 10:20 PM,,,,,,,,,
Victory Bussaturday26,Victory Bus,2-28-2026,saturday,,,,26,2023-10-11 04:48 AM,,2023-10-11 12:59 PM,7.5,8.0,,104,4215,O,05:01 AM,CG,07:35 AM,2:34,154,,126,4215,CG,07:35 AM,L,09:23 AM,1:48,108,,126,4215,L,10:20 AM,CG,10:20 AM,0:00,0,,112,4215,CG,10:20 AM,CG,11:40 AM,1:20,80,,126,4215,CG,11:40 AM,I,12:57 PM,1:17,77,,,,,,,,,,,,,,,,,,,,,,,,,,,,,,,,,,,,,,,,,,,,,,RTE: 104 SCHD: 2:34,--> O: 05:01 AM > CG: 07:35 AM,RTE: 126 SCHD: 1:48,--> CG: 07:35 AM > L: 09:23 AM,RTE: 126 SCHD: 0:00,--> L: 10:20 AM > CG: 10:20 AM,RTE: 112 SCHD: 1:20,--> CG: 10:20 AM > CG: 11:40 AM,RTE: 126 SCHD: 1:17,--> CG: 11:40 AM > I: 12:57 PM,,,,,,,,,,,
Victory Bussaturday27,Victory Bus,2-28-2026,saturday,,,,27,2023-10-11 05:18 AM,,2023-10-11 4:04 PM,10.2,10.2,,104,4216,O,05:31 AM,L,07:41 AM,2:10,130,,104,4216,L,08:05 AM,CG,10:40 AM,2:35,155,,109,4216,CG,10:40 AM,CG,03:30 PM,4:50,290,,104,4216,CG,03:30 PM,I,04:02 PM,0:32,32,,,,,,,,,,,,,,,,,,,,,,,,,,,,,,,,,,,,,,,,,,,,,,,,,,,,,,,RTE: 104 SCHD: 2:10,--> O: 05:31 AM > L: 07:41 AM,RTE: 104 SCHD: 2:35,--> L: 08:05 AM > CG: 10:40 AM,RTE: 109 SCHD: 4:50,--> CG: 10:40 AM > CG: 03:30 PM,RTE: 104 SCHD: 0:32,--> CG: 03:30 PM > I: 04:02 PM,,,,,,,,,,,,,
Victory Bussaturday28,Victory Bus,2-28-2026,saturday,,,,28,2023-10-11 06:08 AM,,2023-10-11 2:45 PM,7.9,8.0,,104,4217,O,06:21 AM,L,11:29 AM,5:08,308,,104,4217,L,12:05 PM,I,02:43 PM,2:38,158,,,,,,,,,,,,,,,,,,,,,,,,,,,,,,,,,,,,,,,,,,,,,,,,,,,,,,,,,,,,,,,,,,,,,,,,,RTE: 104 SCHD: 5:08,--> O: 06:21 AM > L: 11:29 AM,RTE: 104 SCHD: 2:38,--> L: 12:05 PM > I: 02:43 PM,,,,,,,,,,,,,,,,,
Victory Bussaturday29,Victory Bus,2-28-2026,saturday,,,,29,2023-10-11 06:48 AM,,2023-10-11 6:01 PM,10.6,10.6,,104,4218,O,07:01 AM,CG,09:20 AM,2:19,139,,112,4218,CG,09:20 AM,CG,10:40 AM,1:20,80,,126,4218,CG,10:40 AM,L,11:53 AM,1:13,73,,126,4218,L,12:20 PM,CG,12:20 PM,0:00,0,,112,4218,CG,12:20 PM,CG,01:40 PM,1:20,80,,126,4218,CG,01:40 PM,CG,03:20 PM,1:40,100,,112,4218,CG,03:20 PM,CG,04:40 PM,1:20,80,,126,4218,CG,04:40 PM,I,05:59 PM,1:19,79,,,,,,,,,,,,,,,,,,,RTE: 104 SCHD: 2:19,--> O: 07:01 AM > CG: 09:20 AM,RTE: 112 SCHD: 1:20,--> CG: 09:20 AM > CG: 10:40 AM,RTE: 126 SCHD: 1:13,--> CG: 10:40 AM > L: 11:53 AM,RTE: 126 SCHD: 0:00,--> L: 12:20 PM > CG: 12:20 PM,RTE: 112 SCHD: 1:20,--> CG: 12:20 PM > CG: 01:40 PM,RTE: 126 SCHD: 1:40,--> CG: 01:40 PM > CG: 03:20 PM,RTE: 112 SCHD: 1:20,--> CG: 03:20 PM > CG: 04:40 PM,RTE: 126 SCHD: 1:19,--> CG: 04:40 PM > I: 05:59 PM,,,,,
Victory Bussaturday30,Victory Bus,2-28-2026,saturday,,,,30,2023-10-11 02:17 PM,,2023-10-12 1:28 AM,10.5,10.5,,104,4219,O,02:30 PM,CG,03:55 PM,1:25,85,,123,4219,CG,03:55 PM,L,07:52 PM,3:57,237,,123,4219,L,08:20 PM,CG,09:10 PM,0:50,50,,104,4219,CG,09:10 PM,I,01:26 AM,4:16,256,,,,,,,,,,,,,,,,,,,,,,,,,,,,,,,,,,,,,,,,,,,,,,,,,,,,,,,RTE: 104 SCHD: 1:25,--> O: 02:30 PM > CG: 03:55 PM,RTE: 123 SCHD: 3:57,--> CG: 03:55 PM > L: 07:52 PM,RTE: 123 SCHD: 0:50,--> L: 08:20 PM > CG: 09:10 PM,RTE: 104 SCHD: 4:16,--> CG: 09:10 PM > I: 01:26 AM,,,,,,,,,,,,,
Victory Bussaturday31,Victory Bus,2-28-2026,saturday,,,,31,2023-10-11 02:47 PM,,2023-10-11 11:26 PM,8.0,8.0,,104,4220,O,03:00 PM,L,08:45 PM,5:45,345,,104,4220,L,09:19 PM,CG,09:19 PM,0:00,0,,123,4220,CG,09:19 PM,I,11:24 PM,2:05,125,,,,,,,,,,,,,,,,,,,,,,,,,,,,,,,,,,,,,,,,,,,,,,,,,,,,,,,,,,,,,,,,RTE: 104 SCHD: 5:45,--> O: 03:00 PM > L: 08:45 PM,RTE: 104 SCHD: 0:00,--> L: 09:19 PM > CG: 09:19 PM,RTE: 123 SCHD: 2:05,--> CG: 09:19 PM > I: 11:24 PM,,,,,,,,,,,,,,,
Victory Bussaturday32,Victory Bus,2-28-2026,saturday,,,,32,2023-10-11 03:47 PM,,2023-10-12 1:41 AM,9.2,9.2,,104,4221,O,04:00 PM,L,06:34 PM,2:34,154,,104,4221,L,07:05 PM,CG,09:35 PM,2:30,150,,120,4221,CG,09:35 PM,I,01:39 AM,4:04,244,,,,,,,,,,,,,,,,,,,,,,,,,,,,,,,,,,,,,,,,,,,,,,,,,,,,,,,,,,,,,,,,RTE: 104 SCHD: 2:34,--> O: 04:00 PM > L: 06:34 PM,RTE: 104 SCHD: 2:30,--> L: 07:05 PM > CG: 09:35 PM,RTE: 120 SCHD: 4:04,--> CG: 09:35 PM > I: 01:39 AM,,,,,,,,,,,,,,,
Victory Bussaturday33,Victory Bus,2-28-2026,saturday,,,,33,2023-10-11 04:47 PM,,2023-10-12 2:27 AM,9.0,9.0,,104,4222,O,05:00 PM,L,07:28 PM,2:28,148,,104,4222,L,08:05 PM,I,02:25 AM,6:20,380,,,,,,,,,,,,,,,,,,,,,,,,,,,,,,,,,,,,,,,,,,,,,,,,,,,,,,,,,,,,,,,,,,,,,,,,,RTE: 104 SCHD: 2:28,--> O: 05:00 PM > L: 07:28 PM,RTE: 104 SCHD: 6:20,--> L: 08:05 PM > I: 02:25 AM,,,,,,,,,,,,,,,,,
Victory Bussaturday76,Victory Bus,2-28-2026,saturday,,,,76,2023-10-11 06:13 AM,,2023-10-11 4:00 PM,9.1,9.1,,105,4301,O,06:26 AM,CG,08:05 AM,1:39,99,,103,4301,CG,08:05 AM,CG,09:30 AM,1:25,85,,105,4301,CG,09:30 AM,L,01:05 PM,3:35,215,,105,4301,L,01:45 PM,CG,01:45 PM,0:00,0,,106,4301,CG,01:45 PM,I,03:58 PM,2:13,133,,,,,,,,,,,,,,,,,,,,,,,,,,,,,,,,,,,,,,,,,,,,,,RTE: 105 SCHD: 1:39,--> O: 06:26 AM > CG: 08:05 AM,RTE: 103 SCHD: 1:25,--> CG: 08:05 AM > CG: 09:30 AM,RTE: 105 SCHD: 3:35,--> CG: 09:30 AM > L: 01:05 PM,RTE: 105 SCHD: 0:00,--> L: 01:45 PM > CG: 01:45 PM,RTE: 106 SCHD: 2:13,--> CG: 01:45 PM > I: 03:58 PM,,,,,,,,,,,
Victory Bussaturday77,Victory Bus,2-28-2026,saturday,,,,77,2023-10-11 02:13 PM,,2023-10-11 11:33 PM,8.7,8.7,,105,4302,O,02:26 PM,L,06:05 PM,3:39,219,,105,4302,L,06:30 PM,CG,08:05 PM,1:35,95,,103,4302,CG,08:05 PM,CG,09:30 PM,1:25,85,,105,4302,CG,09:30 PM,CG,11:05 PM,1:35,95,,103,4302,CG,11:05 PM,I,11:31 PM,0:26,26,,,,,,,,,,,,,,,,,,,,,,,,,,,,,,,,,,,,,,,,,,,,,,RTE: 105 SCHD: 3:39,--> O: 02:26 PM > L: 06:05 PM,RTE: 105 SCHD: 1:35,--> L: 06:30 PM > CG: 08:05 PM,RTE: 103 SCHD: 1:25,--> CG: 08:05 PM > CG: 09:30 PM,RTE: 105 SCHD: 1:35,--> CG: 09:30 PM > CG: 11:05 PM,RTE: 103 SCHD: 0:26,--> CG: 11:05 PM > I: 11:31 PM,,,,,,,,,,,
Victory Bussaturday101,Victory Bus,2-28-2026,saturday,,,,101,2023-10-11 06:28 AM,,2023-10-11 5:05 PM,9.9,9.9,,106,4325,O,06:41 AM,CG,11:05 AM,4:24,264,,103,4325,CG,11:05 AM,L,12:21 PM,1:16,76,,103,4325,L,01:05 PM,CG,03:00 PM,1:55,115,,109,4325,CG,03:00 PM,I,05:03 PM,2:03,123,,,,,,,,,,,,,,,,,,,,,,,,,,,,,,,,,,,,,,,,,,,,,,,,,,,,,,,RTE: 106 SCHD: 4:24,--> O: 06:41 AM > CG: 11:05 AM,RTE: 103 SCHD: 1:16,--> CG: 11:05 AM > L: 12:21 PM,RTE: 103 SCHD: 1:55,--> L: 01:05 PM > CG: 03:00 PM,RTE: 109 SCHD: 2:03,--> CG: 03:00 PM > I: 05:03 PM,,,,,,,,,,,,,
Victory Bussaturday102,Victory Bus,2-28-2026,saturday,,,,102,2023-10-11 07:28 AM,,2023-10-11 6:25 PM,10.3,10.3,,106,4326,O,07:41 AM,CG,10:05 AM,2:24,144,,103,4326,CG,10:05 AM,CG,11:45 AM,1:40,100,,106,4326,CG,11:45 AM,L,02:05 PM,2:20,140,,106,4326,L,03:10 PM,CG,03:10 PM,0:00,0,,113,4326,CG,03:10 PM,I,06:23 PM,3:13,193,,,,,,,,,,,,,,,,,,,,,,,,,,,,,,,,,,,,,,,,,,,,,,RTE: 106 SCHD: 2:24,--> O: 07:41 AM > CG: 10:05 AM,RTE: 103 SCHD: 1:40,--> CG: 10:05 AM > CG: 11:45 AM,RTE: 106 SCHD: 2:20,--> CG: 11:45 AM > L: 02:05 PM,RTE: 106 SCHD: 0:00,--> L: 03:10 PM > CG: 03:10 PM,RTE: 113 SCHD: 3:13,--> CG: 03:10 PM > I: 06:23 PM,,,,,,,,,,,
Victory Bussaturday126,Victory Bus,2-28-2026,saturday,,,,126,2023-10-11 07:03 AM,,2023-10-11 6:41 PM,11.1,11.1,,107,4341,O,07:16 AM,L,11:07 AM,3:51,231,,107,4341,L,11:30 AM,CG,05:40 PM,6:10,370,,126,4341,CG,05:40 PM,I,06:39 PM,0:59,59,,,,,,,,,,,,,,,,,,,,,,,,,,,,,,,,,,,,,,,,,,,,,,,,,,,,,,,,,,,,,,,,RTE: 107 SCHD: 3:51,--> O: 07:16 AM > L: 11:07 AM,RTE: 107 SCHD: 6:10,--> L: 11:30 AM > CG: 05:40 PM,RTE: 126 SCHD: 0:59,--> CG: 05:40 PM > I: 06:39 PM,,,,,,,,,,,,,,,
Victory Bussaturday127,Victory Bus,2-28-2026,saturday,,,,127,2023-10-11 07:11 AM,,2023-10-11 7:17 PM,11.5,11.5,,107,4342,O,07:24 AM,L,10:04 AM,2:40,160,,107,4342,L,10:30 AM,I,07:15 PM,8:45,525,,,,,,,,,,,,,,,,,,,,,,,,,,,,,,,,,,,,,,,,,,,,,,,,,,,,,,,,,,,,,,,,,,,,,,,,,RTE: 107 SCHD: 2:40,--> O: 07:24 AM > L: 10:04 AM,RTE: 107 SCHD: 8:45,--> L: 10:30 AM > I: 07:15 PM,,,,,,,,,,,,,,,,,
Victory Bussaturday128,Victory Bus,2-28-2026,saturday,,,,128,2023-10-11 07:44 AM,,2023-10-11 7:28 PM,11.1,11.1,,107,4343,O,07:57 AM,CG,09:45 AM,1:48,108,,106,4343,CG,09:45 AM,L,11:50 AM,2:05,125,,106,4343,L,12:30 PM,CG,12:30 PM,0:00,0,,105,4343,CG,12:30 PM,CG,02:45 PM,2:15,135,,106,4343,CG,02:45 PM,CG,05:05 PM,2:20,140,,103,4343,CG,05:05 PM,CG,06:45 PM,1:40,100,,106,4343,CG,06:45 PM,I,07:26 PM,0:41,41,,,,,,,,,,,,,,,,,,,,,,,,,,,,RTE: 107 SCHD: 1:48,--> O: 07:57 AM > CG: 09:45 AM,RTE: 106 SCHD: 2:05,--> CG: 09:45 AM > L: 11:50 AM,RTE: 106 SCHD: 0:00,--> L: 12:30 PM > CG: 12:30 PM,RTE: 105 SCHD: 2:15,--> CG: 12:30 PM > CG: 02:45 PM,RTE: 106 SCHD: 2:20,--> CG: 02:45 PM > CG: 05:05 PM,RTE: 103 SCHD: 1:40,--> CG: 05:05 PM > CG: 06:45 PM,RTE: 106 SCHD: 0:41,--> CG: 06:45 PM > I: 07:26 PM,,,,,,,
Victory Bussaturday129,Victory Bus,2-28-2026,saturday,,,,129,2023-10-11 09:10 AM,,2023-10-11 8:17 PM,10.4,10.4,,107,4344,O,09:23 AM,L,03:14 PM,5:51,351,,107,4344,L,03:55 PM,CG,03:55 PM,0:00,0,,108,4344,CG,03:55 PM,I,08:15 PM,4:20,260,,,,,,,,,,,,,,,,,,,,,,,,,,,,,,,,,,,,,,,,,,,,,,,,,,,,,,,,,,,,,,,,RTE: 107 SCHD: 5:51,--> O: 09:23 AM > L: 03:14 PM,RTE: 107 SCHD: 0:00,--> L: 03:55 PM > CG: 03:55 PM,RTE: 108 SCHD: 4:20,--> CG: 03:55 PM > I: 08:15 PM,,,,,,,,,,,,,,,
Victory Bussaturday130,Victory Bus,2-28-2026,saturday,,,,130,2023-10-11 05:10 PM,,2023-10-12 2:33 AM,8.7,8.7,,107,4345,O,05:23 PM,L,08:03 PM,2:40,160,,107,4345,L,08:45 PM,CG,08:45 PM,0:00,0,,108,4345,CG,08:45 PM,I,02:31 AM,5:46,346,,,,,,,,,,,,,,,,,,,,,,,,,,,,,,,,,,,,,,,,,,,,,,,,,,,,,,,,,,,,,,,,RTE: 107 SCHD: 2:40,--> O: 05:23 PM > L: 08:03 PM,RTE: 107 SCHD: 0:00,--> L: 08:45 PM > CG: 08:45 PM,RTE: 108 SCHD: 5:46,--> CG: 08:45 PM > I: 02:31 AM,,,,,,,,,,,,,,,
Victory Bussaturday151,Victory Bus,2-28-2026,saturday,,,,151,2023-10-11 02:21 AM,,2023-10-11 11:16 AM,8.2,8.2,,108,4355,O,02:34 AM,L,04:34 AM,2:00,120,,108,4355,L,05:15 AM,I,11:14 AM,5:59,359,,,,,,,,,,,,,,,,,,,,,,,,,,,,,,,,,,,,,,,,,,,,,,,,,,,,,,,,,,,,,,,,,,,,,,,,,RTE: 108 SCHD: 2:00,--> O: 02:34 AM > L: 04:34 AM,RTE: 108 SCHD: 5:59,--> L: 05:15 AM > I: 11:14 AM,,,,,,,,,,,,,,,,,
Victory Bussaturday152,Victory Bus,2-28-2026,saturday,,,,152,2023-10-11 02:25 AM,,2023-10-11 10:45 AM,7.7,8.0,,108,4356,O,02:38 AM,L,06:15 AM,3:37,217,,108,4356,L,06:45 AM,I,10:43 AM,3:58,238,,,,,,,,,,,,,,,,,,,,,,,,,,,,,,,,,,,,,,,,,,,,,,,,,,,,,,,,,,,,,,,,,,,,,,,,,RTE: 108 SCHD: 3:37,--> O: 02:38 AM > L: 06:15 AM,RTE: 108 SCHD: 3:58,--> L: 06:45 AM > I: 10:43 AM,,,,,,,,,,,,,,,,,
Victory Bussaturday153,Victory Bus,2-28-2026,saturday,,,,153,2023-10-11 03:16 AM,,2023-10-11 11:46 AM,8.0,8.0,,108,4357,O,03:29 AM,L,07:25 AM,3:56,236,,108,4357,L,07:45 AM,I,11:44 AM,3:59,239,,,,,,,,,,,,,,,,,,,,,,,,,,,,,,,,,,,,,,,,,,,,,,,,,,,,,,,,,,,,,,,,,,,,,,,,,RTE: 108 SCHD: 3:56,--> O: 03:29 AM > L: 07:25 AM,RTE: 108 SCHD: 3:59,--> L: 07:45 AM > I: 11:44 AM,,,,,,,,,,,,,,,,,
Victory Bussaturday154,Victory Bus,2-28-2026,saturday,,,,154,2023-10-11 05:56 AM,,2023-10-11 3:22 PM,8.8,8.8,,108,4358,O,06:09 AM,L,10:05 AM,3:56,236,,108,4358,L,10:45 AM,I,03:20 PM,4:35,275,,,,,,,,,,,,,,,,,,,,,,,,,,,,,,,,,,,,,,,,,,,,,,,,,,,,,,,,,,,,,,,,,,,,,,,,,RTE: 108 SCHD: 3:56,--> O: 06:09 AM > L: 10:05 AM,RTE: 108 SCHD: 4:35,--> L: 10:45 AM > I: 03:20 PM,,,,,,,,,,,,,,,,,
Victory Bussaturday155,Victory Bus,2-28-2026,saturday,,,,155,2023-10-11 09:55 AM,,2023-10-11 9:22 PM,10.9,10.9,,108,4359,O,10:08 AM,L,12:10 PM,2:02,122,,108,4359,L,12:35 PM,CG,05:20 PM,4:45,285,,109,4359,CG,05:20 PM,I,09:20 PM,4:00,240,,,,,,,,,,,,,,,,,,,,,,,,,,,,,,,,,,,,,,,,,,,,,,,,,,,,,,,,,,,,,,,,RTE: 108 SCHD: 2:02,--> O: 10:08 AM > L: 12:10 PM,RTE: 108 SCHD: 4:45,--> L: 12:35 PM > CG: 05:20 PM,RTE: 109 SCHD: 4:00,--> CG: 05:20 PM > I: 09:20 PM,,,,,,,,,,,,,,,
Victory Bussaturday156,Victory Bus,2-28-2026,saturday,02:02 PM,0Hrs 48Min,2880,156,2023-10-11 10:55 AM,,2023-10-11 10:27 PM,10.9,10.9,,108,4360,O,11:08 AM,R,01:14 PM,2:06,126,,113,4504,R,02:02 PM,CG,08:10 PM,6:08,368,,111,4504,CG,08:10 PM,I,10:25 PM,2:15,135,,,,,,,,,,,,,,,,,,,,,,,,,,,,,,,,,,,,,,,,,,,,,,,,,,,,,,,,,,,,,,,,RTE: 108 SCHD: 2:06,--> O: 11:08 AM > R: 01:14 PM,RTE: 113 SCHD: 6:08,--> R: 02:02 PM > CG: 08:10 PM,RTE: 111 SCHD: 2:15,--> CG: 08:10 PM > I: 10:25 PM,,,,,,,,,,,,,,,
Victory Bussaturday157,Victory Bus,2-28-2026,saturday,,,,157,2023-10-11 11:55 AM,,2023-10-11 9:16 PM,8.8,8.8,,108,4361,O,12:08 PM,L,04:32 PM,4:24,264,,108,4361,L,04:55 PM,I,09:14 PM,4:19,259,,,,,,,,,,,,,,,,,,,,,,,,,,,,,,,,,,,,,,,,,,,,,,,,,,,,,,,,,,,,,,,,,,,,,,,,,RTE: 108 SCHD: 4:24,--> O: 12:08 PM > L: 04:32 PM,RTE: 108 SCHD: 4:19,--> L: 04:55 PM > I: 09:14 PM,,,,,,,,,,,,,,,,,
Victory Bussaturday158,Victory Bus,2-28-2026,saturday,,,,158,2023-10-11 01:12 PM,,2023-10-11 11:58 PM,10.4,10.4,1:15,108,4360,R,01:27 PM,L,03:43 PM,2:16,136,,108,4360,L,04:05 PM,CG,04:05 PM,0:00,0,,103,4360,CG,04:05 PM,CG,05:30 PM,1:25,85,,105,4360,CG,05:30 PM,CG,09:05 PM,3:35,215,,103,4360,CG,09:05 PM,CG,10:50 PM,1:45,105,,105,4360,CG,10:50 PM,I,11:56 PM,1:06,66,,,,,,,,,,,,,,,,,,,,,,,,,,,,,,,,,,,,,RTE: 108 SCHD: 2:16,--> R: 01:27 PM > L: 03:43 PM,RTE: 108 SCHD: 0:00,--> L: 04:05 PM > CG: 04:05 PM,RTE: 103 SCHD: 1:25,--> CG: 04:05 PM > CG: 05:30 PM,RTE: 105 SCHD: 3:35,--> CG: 05:30 PM > CG: 09:05 PM,RTE: 103 SCHD: 1:45,--> CG: 09:05 PM > CG: 10:50 PM,RTE: 105 SCHD: 1:06,--> CG: 10:50 PM > I: 11:56 PM,,,,,,,,,
Victory Bussaturday159,Victory Bus,2-28-2026,saturday,,,,159,2023-10-11 02:55 PM,,2023-10-12 12:07 AM,8.6,8.6,,108,4362,O,03:08 PM,L,09:48 PM,6:40,400,,108,4362,L,10:15 PM,I,12:05 AM,1:50,110,,,,,,,,,,,,,,,,,,,,,,,,,,,,,,,,,,,,,,,,,,,,,,,,,,,,,,,,,,,,,,,,,,,,,,,,,RTE: 108 SCHD: 6:40,--> O: 03:08 PM > L: 09:48 PM,RTE: 108 SCHD: 1:50,--> L: 10:15 PM > I: 12:05 AM,,,,,,,,,,,,,,,,,
Victory Bussaturday160,Victory Bus,2-28-2026,saturday,,,,160,2023-10-11 04:15 PM,,2023-10-12 1:06 AM,8.2,8.2,,108,4363,O,04:28 PM,L,08:48 PM,4:20,260,,108,4363,L,09:15 PM,I,01:04 AM,3:49,229,,,,,,,,,,,,,,,,,,,,,,,,,,,,,,,,,,,,,,,,,,,,,,,,,,,,,,,,,,,,,,,,,,,,,,,,,RTE: 108 SCHD: 4:20,--> O: 04:28 PM > L: 08:48 PM,RTE: 108 SCHD: 3:49,--> L: 09:15 PM > I: 01:04 AM,,,,,,,,,,,,,,,,,
Victory Bussaturday161,Victory Bus,2-28-2026,saturday,,,,161,2023-10-11 04:55 PM,,2023-10-12 3:42 AM,10.2,10.2,,108,4364,O,05:08 PM,L,07:11 PM,2:03,123,,108,4364,L,07:35 PM,I,03:40 AM,8:05,485,,,,,,,,,,,,,,,,,,,,,,,,,,,,,,,,,,,,,,,,,,,,,,,,,,,,,,,,,,,,,,,,,,,,,,,,,RTE: 108 SCHD: 2:03,--> O: 05:08 PM > L: 07:11 PM,RTE: 108 SCHD: 8:05,--> L: 07:35 PM > I: 03:40 AM,,,,,,,,,,,,,,,,,
Victory Bussaturday176,Victory Bus,2-28-2026,saturday,,,,176,2023-10-11 01:26 AM,,2023-10-11 10:18 AM,8.2,8.2,,109,4401,O,01:39 AM,L,05:53 AM,4:14,254,,109,4401,L,06:30 AM,I,10:16 AM,3:46,226,,,,,,,,,,,,,,,,,,,,,,,,,,,,,,,,,,,,,,,,,,,,,,,,,,,,,,,,,,,,,,,,,,,,,,,,,RTE: 109 SCHD: 4:14,--> O: 01:39 AM > L: 05:53 AM,RTE: 109 SCHD: 3:46,--> L: 06:30 AM > I: 10:16 AM,,,,,,,,,,,,,,,,,
Victory Bussaturday177,Victory Bus,2-28-2026,saturday,,,,177,2023-10-11 05:13 AM,,2023-10-11 3:26 PM,9.7,9.7,,109,4402,O,05:26 AM,L,08:38 AM,3:12,192,,109,4402,L,09:00 AM,I,03:24 PM,6:24,384,,,,,,,,,,,,,,,,,,,,,,,,,,,,,,,,,,,,,,,,,,,,,,,,,,,,,,,,,,,,,,,,,,,,,,,,,RTE: 109 SCHD: 3:12,--> O: 05:26 AM > L: 08:38 AM,RTE: 109 SCHD: 6:24,--> L: 09:00 AM > I: 03:24 PM,,,,,,,,,,,,,,,,,
Victory Bussaturday178,Victory Bus,2-28-2026,saturday,,,,178,2023-10-11 05:43 AM,,2023-10-11 2:47 PM,8.4,8.4,,109,4403,O,05:56 AM,L,09:40 AM,3:44,224,,109,4403,L,10:20 AM,I,02:45 PM,4:25,265,,,,,,,,,,,,,,,,,,,,,,,,,,,,,,,,,,,,,,,,,,,,,,,,,,,,,,,,,,,,,,,,,,,,,,,,,RTE: 109 SCHD: 3:44,--> O: 05:56 AM > L: 09:40 AM,RTE: 109 SCHD: 4:25,--> L: 10:20 AM > I: 02:45 PM,,,,,,,,,,,,,,,,,
Victory Bussaturday179,Victory Bus,2-28-2026,saturday,01:18 PM,1Hrs 40Min,6000,179,2023-10-11 07:13 AM,,2023-10-11 7:12 PM,11.1,11.1,,109,4404,O,07:26 AM,I,11:38 AM,4:12,252,1:08,113,4510,O,01:18 PM,I,07:10 PM,5:52,352,,,,,,,,,,,,,,,,,,,,,,,,,,,,,,,,,,,,,,,,,,,,,,,,,,,,,,,,,,,,,,,,,,,,,,,,,RTE: 109 SCHD: 4:12,--> O: 07:26 AM > I: 11:38 AM,RTE: 113 SCHD: 5:52,--> O: 01:18 PM > I: 07:10 PM,,,,,,,,,,,,,,,,,
Victory Bussaturday180,Victory Bus,2-28-2026,saturday,,,,180,2023-10-11 09:02 AM,,2023-10-11 8:35 PM,10.9,10.9,,109,4405,O,09:15 AM,L,11:13 AM,1:58,118,,109,4405,L,11:40 AM,I,08:33 PM,8:53,533,,,,,,,,,,,,,,,,,,,,,,,,,,,,,,,,,,,,,,,,,,,,,,,,,,,,,,,,,,,,,,,,,,,,,,,,,RTE: 109 SCHD: 1:58,--> O: 09:15 AM > L: 11:13 AM,RTE: 109 SCHD: 8:53,--> L: 11:40 AM > I: 08:33 PM,,,,,,,,,,,,,,,,,
Victory Bussaturday181,Victory Bus,2-28-2026,saturday,,,,181,2023-10-11 11:02 AM,,2023-10-11 8:17 PM,8.7,8.7,,109,4406,O,11:15 AM,L,05:56 PM,6:41,401,,109,4406,L,06:20 PM,I,08:15 PM,1:55,115,,,,,,,,,,,,,,,,,,,,,,,,,,,,,,,,,,,,,,,,,,,,,,,,,,,,,,,,,,,,,,,,,,,,,,,,,RTE: 109 SCHD: 6:41,--> O: 11:15 AM > L: 05:56 PM,RTE: 109 SCHD: 1:55,--> L: 06:20 PM > I: 08:15 PM,,,,,,,,,,,,,,,,,
Victory Bussaturday182,Victory Bus,2-28-2026,saturday,,,,182,2023-10-11 02:02 PM,,2023-10-11 11:20 PM,8.6,8.6,,109,4408,O,02:15 PM,L,06:34 PM,4:19,259,,109,4408,L,07:05 PM,CG,09:15 PM,2:10,130,,111,4408,CG,09:15 PM,I,11:18 PM,2:03,123,,,,,,,,,,,,,,,,,,,,,,,,,,,,,,,,,,,,,,,,,,,,,,,,,,,,,,,,,,,,,,,,RTE: 109 SCHD: 4:19,--> O: 02:15 PM > L: 06:34 PM,RTE: 109 SCHD: 2:10,--> L: 07:05 PM > CG: 09:15 PM,RTE: 111 SCHD: 2:03,--> CG: 09:15 PM > I: 11:18 PM,,,,,,,,,,,,,,,
Victory Bussaturday183,Victory Bus,2-28-2026,saturday,,,,183,2023-10-11 03:22 PM,,2023-10-12 12:17 AM,8.3,8.3,,109,4409,O,03:35 PM,L,09:46 PM,6:11,371,,109,4409,L,10:15 PM,CG,10:15 PM,0:00,0,,111,4409,CG,10:15 PM,I,12:15 AM,2:00,120,,,,,,,,,,,,,,,,,,,,,,,,,,,,,,,,,,,,,,,,,,,,,,,,,,,,,,,,,,,,,,,,RTE: 109 SCHD: 6:11,--> O: 03:35 PM > L: 09:46 PM,RTE: 109 SCHD: 0:00,--> L: 10:15 PM > CG: 10:15 PM,RTE: 111 SCHD: 2:00,--> CG: 10:15 PM > I: 12:15 AM,,,,,,,,,,,,,,,
Victory Bussaturday201,Victory Bus,2-28-2026,saturday,,,,201,2023-10-11 06:13 AM,,2023-10-11 2:08 PM,7.3,8.0,,110,4431,O,06:26 AM,L,08:19 AM,1:53,113,,110,4431,L,08:45 AM,I,02:06 PM,5:21,321,,,,,,,,,,,,,,,,,,,,,,,,,,,,,,,,,,,,,,,,,,,,,,,,,,,,,,,,,,,,,,,,,,,,,,,,,RTE: 110 SCHD: 1:53,--> O: 06:26 AM > L: 08:19 AM,RTE: 110 SCHD: 5:21,--> L: 08:45 AM > I: 02:06 PM,,,,,,,,,,,,,,,,,
Victory Bussaturday202,Victory Bus,2-28-2026,saturday,,,,202,2023-10-11 07:57 AM,,2023-10-11 7:41 PM,11.1,11.1,,110,4432,O,08:10 AM,L,10:20 AM,2:10,130,,110,4432,L,10:45 AM,CG,06:40 PM,7:55,475,,126,4432,CG,06:40 PM,I,07:39 PM,0:59,59,,,,,,,,,,,,,,,,,,,,,,,,,,,,,,,,,,,,,,,,,,,,,,,,,,,,,,,,,,,,,,,,RTE: 110 SCHD: 2:10,--> O: 08:10 AM > L: 10:20 AM,RTE: 110 SCHD: 7:55,--> L: 10:45 AM > CG: 06:40 PM,RTE: 126 SCHD: 0:59,--> CG: 06:40 PM > I: 07:39 PM,,,,,,,,,,,,,,,
Victory Bussaturday203,Victory Bus,2-28-2026,saturday,,,,203,2023-10-11 08:57 AM,,2023-10-11 7:26 PM,9.9,9.9,,110,4433,O,09:10 AM,L,11:22 AM,2:12,132,,110,4433,L,11:45 AM,I,07:24 PM,7:39,459,,,,,,,,,,,,,,,,,,,,,,,,,,,,,,,,,,,,,,,,,,,,,,,,,,,,,,,,,,,,,,,,,,,,,,,,,RTE: 110 SCHD: 2:12,--> O: 09:10 AM > L: 11:22 AM,RTE: 110 SCHD: 7:39,--> L: 11:45 AM > I: 07:24 PM,,,,,,,,,,,,,,,,,
Victory Bussaturday204,Victory Bus,2-28-2026,saturday,,,,204,2023-10-11 01:57 PM,,2023-10-11 11:24 PM,8.8,8.8,,110,4434,O,02:10 PM,L,05:57 PM,3:47,227,,110,4434,L,06:35 PM,I,11:22 PM,4:47,287,,,,,,,,,,,,,,,,,,,,,,,,,,,,,,,,,,,,,,,,,,,,,,,,,,,,,,,,,,,,,,,,,,,,,,,,,RTE: 110 SCHD: 3:47,--> O: 02:10 PM > L: 05:57 PM,RTE: 110 SCHD: 4:47,--> L: 06:35 PM > I: 11:22 PM,,,,,,,,,,,,,,,,,
Victory Bussaturday205,Victory Bus,2-28-2026,saturday,,,,205,2023-10-11 02:57 PM,,2023-10-11 11:40 PM,8.0,8.0,,110,4435,O,03:10 PM,L,06:56 PM,3:46,226,,110,4435,L,07:35 PM,I,11:38 PM,4:03,243,,,,,,,,,,,,,,,,,,,,,,,,,,,,,,,,,,,,,,,,,,,,,,,,,,,,,,,,,,,,,,,,,,,,,,,,,RTE: 110 SCHD: 3:46,--> O: 03:10 PM > L: 06:56 PM,RTE: 110 SCHD: 4:03,--> L: 07:35 PM > I: 11:38 PM,,,,,,,,,,,,,,,,,
Victory Bussaturday226,Victory Bus,2-28-2026,saturday,,,,226,2023-10-11 05:53 AM,,2023-10-11 2:55 PM,8.4,8.4,,111,4451,O,06:06 AM,L,08:21 AM,2:15,135,,111,4451,L,09:00 AM,I,02:53 PM,5:53,353,,,,,,,,,,,,,,,,,,,,,,,,,,,,,,,,,,,,,,,,,,,,,,,,,,,,,,,,,,,,,,,,,,,,,,,,,RTE: 111 SCHD: 2:15,--> O: 06:06 AM > L: 08:21 AM,RTE: 111 SCHD: 5:53,--> L: 09:00 AM > I: 02:53 PM,,,,,,,,,,,,,,,,,
Victory Bussaturday227,Victory Bus,2-28-2026,saturday,,,,227,2023-10-11 06:13 AM,,2023-10-11 4:05 PM,9.2,9.2,,111,4452,O,06:26 AM,L,09:29 AM,3:03,183,,111,4452,L,10:00 AM,I,04:03 PM,6:03,363,,,,,,,,,,,,,,,,,,,,,,,,,,,,,,,,,,,,,,,,,,,,,,,,,,,,,,,,,,,,,,,,,,,,,,,,,RTE: 111 SCHD: 3:03,--> O: 06:26 AM > L: 09:29 AM,RTE: 111 SCHD: 6:03,--> L: 10:00 AM > I: 04:03 PM,,,,,,,,,,,,,,,,,
Victory Bussaturday228,Victory Bus,2-28-2026,saturday,,,,228,2023-10-11 07:42 AM,,2023-10-11 7:38 PM,11.3,11.3,,111,4453,O,07:55 AM,L,10:28 AM,2:33,153,,111,4453,L,11:00 AM,I,07:36 PM,8:36,516,,,,,,,,,,,,,,,,,,,,,,,,,,,,,,,,,,,,,,,,,,,,,,,,,,,,,,,,,,,,,,,,,,,,,,,,,RTE: 111 SCHD: 2:33,--> O: 07:55 AM > L: 10:28 AM,RTE: 111 SCHD: 8:36,--> L: 11:00 AM > I: 07:36 PM,,,,,,,,,,,,,,,,,
Victory Bussaturday229,Victory Bus,2-28-2026,saturday,,,,229,2023-10-11 02:42 PM,,2023-10-12 2:06 AM,10.9,10.9,,111,4454,O,02:55 PM,CG,08:35 PM,5:40,340,,109,4454,CG,08:35 PM,L,10:16 PM,1:41,101,,109,4454,L,10:38 PM,I,02:04 AM,3:26,206,,,,,,,,,,,,,,,,,,,,,,,,,,,,,,,,,,,,,,,,,,,,,,,,,,,,,,,,,,,,,,,,RTE: 111 SCHD: 5:40,--> O: 02:55 PM > CG: 08:35 PM,RTE: 109 SCHD: 1:41,--> CG: 08:35 PM > L: 10:16 PM,RTE: 109 SCHD: 3:26,--> L: 10:38 PM > I: 02:04 AM,,,,,,,,,,,,,,,
Victory Bussaturday230,Victory Bus,2-28-2026,saturday,,,,230,2023-10-11 03:42 PM,,2023-10-12 1:07 AM,8.7,8.7,,111,4455,O,03:55 PM,CG,09:37 PM,5:42,342,,109,4455,CG,09:37 PM,L,11:02 PM,1:25,85,,109,4455,L,11:38 PM,I,01:05 AM,1:27,87,,,,,,,,,,,,,,,,,,,,,,,,,,,,,,,,,,,,,,,,,,,,,,,,,,,,,,,,,,,,,,,,RTE: 111 SCHD: 5:42,--> O: 03:55 PM > CG: 09:37 PM,RTE: 109 SCHD: 1:25,--> CG: 09:37 PM > L: 11:02 PM,RTE: 109 SCHD: 1:27,--> L: 11:38 PM > I: 01:05 AM,,,,,,,,,,,,,,,
Victory Bussaturday251,Victory Bus,2-28-2026,saturday,,,,251,2023-10-11 04:58 AM,,2023-10-11 4:46 PM,11.1,11.1,,112,4471,O,05:11 AM,CG,06:05 AM,0:54,54,,104,4471,CG,06:05 AM,CG,08:20 AM,2:15,135,,112,4471,CG,08:20 AM,CG,09:40 AM,1:20,80,,126,4471,CG,09:40 AM,CG,11:05 AM,1:25,85,,104,4471,CG,11:05 AM,L,01:36 PM,2:31,151,,104,4471,L,02:05 PM,I,04:44 PM,2:39,159,,,,,,,,,,,,,,,,,,,,,,,,,,,,,,,,,,,,,RTE: 112 SCHD: 0:54,--> O: 05:11 AM > CG: 06:05 AM,RTE: 104 SCHD: 2:15,--> CG: 06:05 AM > CG: 08:20 AM,RTE: 112 SCHD: 1:20,--> CG: 08:20 AM > CG: 09:40 AM,RTE: 126 SCHD: 1:25,--> CG: 09:40 AM > CG: 11:05 AM,RTE: 104 SCHD: 2:31,--> CG: 11:05 AM > L: 01:36 PM,RTE: 104 SCHD: 2:39,--> L: 02:05 PM > I: 04:44 PM,,,,,,,,,
Victory Bussaturday252,Victory Bus,2-28-2026,saturday,,,,252,2023-10-11 07:03 AM,,2023-10-11 5:04 PM,9.4,9.4,,112,4472,O,07:16 AM,CG,08:50 AM,1:34,94,,104,4472,CG,08:50 AM,CG,11:20 AM,2:30,150,,112,4472,CG,11:20 AM,CG,12:40 PM,1:20,80,,126,4472,CG,12:40 PM,L,01:54 PM,1:14,74,,126,4472,L,02:20 PM,CG,02:20 PM,0:00,0,,112,4472,CG,02:20 PM,CG,03:40 PM,1:20,80,,126,4472,CG,03:40 PM,I,05:02 PM,1:22,82,,,,,,,,,,,,,,,,,,,,,,,,,,,,RTE: 112 SCHD: 1:34,--> O: 07:16 AM > CG: 08:50 AM,RTE: 104 SCHD: 2:30,--> CG: 08:50 AM > CG: 11:20 AM,RTE: 112 SCHD: 1:20,--> CG: 11:20 AM > CG: 12:40 PM,RTE: 126 SCHD: 1:14,--> CG: 12:40 PM > L: 01:54 PM,RTE: 126 SCHD: 0:00,--> L: 02:20 PM > CG: 02:20 PM,RTE: 112 SCHD: 1:20,--> CG: 02:20 PM > CG: 03:40 PM,RTE: 126 SCHD: 1:22,--> CG: 03:40 PM > I: 05:02 PM,,,,,,,
Victory Bussaturday253,Victory Bus,2-28-2026,saturday,,,,253,2023-10-11 01:02 PM,,2023-10-11 11:21 PM,9.6,9.6,,112,4473,O,01:15 PM,CG,02:40 PM,1:25,85,,126,4473,CG,02:40 PM,L,04:33 PM,1:53,113,,126,4473,L,05:10 PM,CG,05:10 PM,0:00,0,,125,4473,CG,05:10 PM,I,11:19 PM,6:09,369,,,,,,,,,,,,,,,,,,,,,,,,,,,,,,,,,,,,,,,,,,,,,,,,,,,,,,,RTE: 112 SCHD: 1:25,--> O: 01:15 PM > CG: 02:40 PM,RTE: 126 SCHD: 1:53,--> CG: 02:40 PM > L: 04:33 PM,RTE: 126 SCHD: 0:00,--> L: 05:10 PM > CG: 05:10 PM,RTE: 125 SCHD: 6:09,--> CG: 05:10 PM > I: 11:19 PM,,,,,,,,,,,,,
Victory Bussaturday276,Victory Bus,2-28-2026,saturday,,,,276,2023-10-11 01:06 AM,,2023-10-11 12:26 PM,10.7,10.7,,113,4501,O,01:19 AM,L,08:29 AM,7:10,430,,113,4501,L,09:10 AM,I,12:24 PM,3:14,194,,,,,,,,,,,,,,,,,,,,,,,,,,,,,,,,,,,,,,,,,,,,,,,,,,,,,,,,,,,,,,,,,,,,,,,,,RTE: 113 SCHD: 7:10,--> O: 01:19 AM > L: 08:29 AM,RTE: 113 SCHD: 3:14,--> L: 09:10 AM > I: 12:24 PM,,,,,,,,,,,,,,,,,
Victory Bussaturday277,Victory Bus,2-28-2026,saturday,,,,277,2023-10-11 02:51 AM,,2023-10-11 1:26 PM,9.9,9.9,,113,4502,O,03:04 AM,L,09:30 AM,6:26,386,,113,4502,L,10:10 AM,I,01:24 PM,3:14,194,,,,,,,,,,,,,,,,,,,,,,,,,,,,,,,,,,,,,,,,,,,,,,,,,,,,,,,,,,,,,,,,,,,,,,,,,RTE: 113 SCHD: 6:26,--> O: 03:04 AM > L: 09:30 AM,RTE: 113 SCHD: 3:14,--> L: 10:10 AM > I: 01:24 PM,,,,,,,,,,,,,,,,,
Victory Bussaturday278,Victory Bus,2-28-2026,saturday,11:55 AM,1Hrs 33Min,5580,278,2023-10-11 04:21 AM,,2023-10-11 2:06 PM,8.9,8.9,,113,4503,O,04:34 AM,I,10:22 AM,5:48,348,11:45,109,4407,O,11:55 AM,I,02:04 PM,2:09,129,,,,,,,,,,,,,,,,,,,,,,,,,,,,,,,,,,,,,,,,,,,,,,,,,,,,,,,,,,,,,,,,,,,,,,,,,RTE: 113 SCHD: 5:48,--> O: 04:34 AM > I: 10:22 AM,RTE: 109 SCHD: 2:09,--> O: 11:55 AM > I: 02:04 PM,,,,,,,,,,,,,,,,,
Victory Bussaturday279,Victory Bus,2-28-2026,saturday,,,,279,2023-10-11 04:51 AM,2:06,2023-10-11 2:06 PM,8.6,8.6,,113,4504,O,05:04 AM,L,09:21 AM,4:17,257,,113,4504,L,09:56 AM,R,01:54 PM,3:58,238,,,,,,,,,,,,,,,,,,,,,,,,,,,,,,,,,,,,,,,,,,,,,,,,,,,,,,,,,,,,,,,,,,,,,,,,,RTE: 113 SCHD: 4:17,--> O: 05:04 AM > L: 09:21 AM,RTE: 113 SCHD: 3:58,--> L: 09:56 AM > R: 01:54 PM,,,,,,,,,,,,,,,,,
Victory Bussaturday280,Victory Bus,2-28-2026,saturday,,,,280,2023-10-11 05:10 AM,,2023-10-11 3:31 PM,9.7,9.7,,113,4505,O,05:23 AM,L,08:59 AM,3:36,216,,113,4505,L,09:40 AM,I,03:29 PM,5:49,349,,,,,,,,,,,,,,,,,,,,,,,,,,,,,,,,,,,,,,,,,,,,,,,,,,,,,,,,,,,,,,,,,,,,,,,,,RTE: 113 SCHD: 3:36,--> O: 05:23 AM > L: 08:59 AM,RTE: 113 SCHD: 5:49,--> L: 09:40 AM > I: 03:29 PM,,,,,,,,,,,,,,,,,
Victory Bussaturday281,Victory Bus,2-28-2026,saturday,,,,281,2023-10-11 08:10 AM,,2023-10-11 5:52 PM,9.0,9.0,,113,4506,O,08:23 AM,L,10:00 AM,1:37,97,,113,4506,L,10:40 AM,I,05:50 PM,7:10,430,,,,,,,,,,,,,,,,,,,,,,,,,,,,,,,,,,,,,,,,,,,,,,,,,,,,,,,,,,,,,,,,,,,,,,,,,RTE: 113 SCHD: 1:37,--> O: 08:23 AM > L: 10:00 AM,RTE: 113 SCHD: 7:10,--> L: 10:40 AM > I: 05:50 PM,,,,,,,,,,,,,,,,,
Victory Bussaturday282,Victory Bus,2-28-2026,saturday,,,,282,2023-10-11 08:20 AM,,2023-10-11 8:03 PM,11.0,11.0,,113,4507,O,08:33 AM,L,02:22 PM,5:49,349,,113,4507,L,02:55 PM,CG,04:20 PM,1:25,85,,112,4507,CG,04:20 PM,CG,05:58 PM,1:38,98,,104,4507,CG,05:58 PM,I,08:01 PM,2:03,123,,,,,,,,,,,,,,,,,,,,,,,,,,,,,,,,,,,,,,,,,,,,,,,,,,,,,,,RTE: 113 SCHD: 5:49,--> O: 08:33 AM > L: 02:22 PM,RTE: 113 SCHD: 1:25,--> L: 02:55 PM > CG: 04:20 PM,RTE: 112 SCHD: 1:38,--> CG: 04:20 PM > CG: 05:58 PM,RTE: 104 SCHD: 2:03,--> CG: 05:58 PM > I: 08:01 PM,,,,,,,,,,,,,
Victory Bussaturday283,Victory Bus,2-28-2026,saturday,,,,283,2023-10-11 12:20 PM,,2023-10-11 9:41 PM,8.7,8.7,,113,4508,O,12:33 PM,CG,03:30 PM,2:57,177,,107,4508,CG,03:30 PM,L,06:12 PM,2:42,162,,107,4508,L,07:00 PM,I,09:39 PM,2:39,159,,,,,,,,,,,,,,,,,,,,,,,,,,,,,,,,,,,,,,,,,,,,,,,,,,,,,,,,,,,,,,,,RTE: 113 SCHD: 2:57,--> O: 12:33 PM > CG: 03:30 PM,RTE: 107 SCHD: 2:42,--> CG: 03:30 PM > L: 06:12 PM,RTE: 107 SCHD: 2:39,--> L: 07:00 PM > I: 09:39 PM,,,,,,,,,,,,,,,
Victory Bussaturday284,Victory Bus,2-28-2026,saturday,,,,284,2023-10-11 12:42 PM,,2023-10-11 9:45 PM,8.4,8.4,,113,4509,O,12:55 PM,L,03:06 PM,2:11,131,,113,4509,L,03:45 PM,CG,03:45 PM,0:00,0,,114,4509,CG,03:45 PM,I,09:43 PM,5:58,358,,,,,,,,,,,,,,,,,,,,,,,,,,,,,,,,,,,,,,,,,,,,,,,,,,,,,,,,,,,,,,,,RTE: 113 SCHD: 2:11,--> O: 12:55 PM > L: 03:06 PM,RTE: 113 SCHD: 0:00,--> L: 03:45 PM > CG: 03:45 PM,RTE: 114 SCHD: 5:58,--> CG: 03:45 PM > I: 09:43 PM,,,,,,,,,,,,,,,
Victory Bussaturday285,Victory Bus,2-28-2026,saturday,,,,285,2023-10-11 01:20 PM,,2023-10-11 11:23 PM,9.4,9.4,,113,4511,O,01:33 PM,CG,04:15 PM,2:42,162,,108,4511,CG,04:15 PM,L,08:29 PM,4:14,254,,108,4511,L,09:00 PM,CG,09:00 PM,0:00,0,,107,4511,CG,09:00 PM,I,11:21 PM,2:21,141,,,,,,,,,,,,,,,,,,,,,,,,,,,,,,,,,,,,,,,,,,,,,,,,,,,,,,,RTE: 113 SCHD: 2:42,--> O: 01:33 PM > CG: 04:15 PM,RTE: 108 SCHD: 4:14,--> CG: 04:15 PM > L: 08:29 PM,RTE: 108 SCHD: 0:00,--> L: 09:00 PM > CG: 09:00 PM,RTE: 107 SCHD: 2:21,--> CG: 09:00 PM > I: 11:21 PM,,,,,,,,,,,,,
Victory Bussaturday286,Victory Bus,2-28-2026,saturday,,,,286,2023-10-11 02:20 PM,,2023-10-12 12:13 AM,9.2,9.2,,113,4512,O,02:33 PM,L,04:52 PM,2:19,139,,113,4512,L,05:25 PM,I,12:11 AM,6:46,406,,,,,,,,,,,,,,,,,,,,,,,,,,,,,,,,,,,,,,,,,,,,,,,,,,,,,,,,,,,,,,,,,,,,,,,,,RTE: 113 SCHD: 2:19,--> O: 02:33 PM > L: 04:52 PM,RTE: 113 SCHD: 6:46,--> L: 05:25 PM > I: 12:11 AM,,,,,,,,,,,,,,,,,
Victory Bussaturday287,Victory Bus,2-28-2026,saturday,,,,287,2023-10-11 03:05 PM,,2023-10-12 12:42 AM,8.9,8.9,,113,4513,O,03:18 PM,L,08:29 PM,5:11,311,,113,4513,L,09:02 PM,I,12:40 AM,3:38,218,,,,,,,,,,,,,,,,,,,,,,,,,,,,,,,,,,,,,,,,,,,,,,,,,,,,,,,,,,,,,,,,,,,,,,,,,RTE: 113 SCHD: 5:11,--> O: 03:18 PM > L: 08:29 PM,RTE: 113 SCHD: 3:38,--> L: 09:02 PM > I: 12:40 AM,,,,,,,,,,,,,,,,,
Victory Bussaturday288,Victory Bus,2-28-2026,saturday,,,,288,2023-10-11 03:35 PM,,2023-10-12 1:26 AM,9.2,9.2,,113,4514,O,03:48 PM,L,09:29 PM,5:41,341,,113,4514,L,10:01 PM,I,01:24 AM,3:23,203,,,,,,,,,,,,,,,,,,,,,,,,,,,,,,,,,,,,,,,,,,,,,,,,,,,,,,,,,,,,,,,,,,,,,,,,,RTE: 113 SCHD: 5:41,--> O: 03:48 PM > L: 09:29 PM,RTE: 113 SCHD: 3:23,--> L: 10:01 PM > I: 01:24 AM,,,,,,,,,,,,,,,,,
Victory Bussaturday289,Victory Bus,2-28-2026,saturday,,,,289,2023-10-11 03:50 PM,,2023-10-12 12:57 AM,8.4,8.4,,113,4515,O,04:03 PM,L,08:34 PM,4:31,271,,113,4515,L,09:08 PM,I,12:55 AM,3:47,227,,,,,,,,,,,,,,,,,,,,,,,,,,,,,,,,,,,,,,,,,,,,,,,,,,,,,,,,,,,,,,,,,,,,,,,,,RTE: 113 SCHD: 4:31,--> O: 04:03 PM > L: 08:34 PM,RTE: 113 SCHD: 3:47,--> L: 09:08 PM > I: 12:55 AM,,,,,,,,,,,,,,,,,
Victory Bussaturday290,Victory Bus,2-28-2026,saturday,,,,290,2023-10-11 04:05 PM,,2023-10-12 1:56 AM,9.2,9.2,,113,4516,O,04:18 PM,L,09:24 PM,5:06,306,,113,4516,L,10:05 PM,I,01:54 AM,3:49,229,,,,,,,,,,,,,,,,,,,,,,,,,,,,,,,,,,,,,,,,,,,,,,,,,,,,,,,,,,,,,,,,,,,,,,,,,RTE: 113 SCHD: 5:06,--> O: 04:18 PM > L: 09:24 PM,RTE: 113 SCHD: 3:49,--> L: 10:05 PM > I: 01:54 AM,,,,,,,,,,,,,,,,,
Victory Bussaturday291,Victory Bus,2-28-2026,saturday,,,,291,2023-10-11 05:50 PM,,2023-10-12 2:41 AM,8.2,8.2,,113,4517,O,06:03 PM,L,11:40 PM,5:37,337,,113,4517,L,12:20 AM,I,02:39 AM,2:19,139,,,,,,,,,,,,,,,,,,,,,,,,,,,,,,,,,,,,,,,,,,,,,,,,,,,,,,,,,,,,,,,,,,,,,,,,,RTE: 113 SCHD: 5:37,--> O: 06:03 PM > L: 11:40 PM,RTE: 113 SCHD: 2:19,--> L: 12:20 AM > I: 02:39 AM,,,,,,,,,,,,,,,,,
Victory Bussaturday306,Victory Bus,2-28-2026,saturday,,,,306,2023-10-11 04:50 AM,,2023-10-11 3:48 PM,10.3,10.3,,114,4545,O,05:03 AM,L,07:45 AM,2:42,162,,114,4545,L,08:12 AM,I,03:46 PM,7:34,454,,,,,,,,,,,,,,,,,,,,,,,,,,,,,,,,,,,,,,,,,,,,,,,,,,,,,,,,,,,,,,,,,,,,,,,,,RTE: 114 SCHD: 2:42,--> O: 05:03 AM > L: 07:45 AM,RTE: 114 SCHD: 7:34,--> L: 08:12 AM > I: 03:46 PM,,,,,,,,,,,,,,,,,
Victory Bussaturday307,Victory Bus,2-28-2026,saturday,,,,307,2023-10-11 05:15 AM,,2023-10-11 2:47 PM,8.9,8.9,,114,4546,O,05:28 AM,L,08:17 AM,2:49,169,,114,4546,L,08:45 AM,I,02:45 PM,6:00,360,,,,,,,,,,,,,,,,,,,,,,,,,,,,,,,,,,,,,,,,,,,,,,,,,,,,,,,,,,,,,,,,,,,,,,,,,RTE: 114 SCHD: 2:49,--> O: 05:28 AM > L: 08:17 AM,RTE: 114 SCHD: 6:00,--> L: 08:45 AM > I: 02:45 PM,,,,,,,,,,,,,,,,,
Victory Bussaturday308,Victory Bus,2-28-2026,saturday,,,,308,2023-10-11 05:28 AM,,2023-10-11 1:47 PM,7.7,8.0,,114,4547,O,05:41 AM,L,10:19 AM,4:38,278,,114,4547,L,10:45 AM,I,01:45 PM,3:00,180,,,,,,,,,,,,,,,,,,,,,,,,,,,,,,,,,,,,,,,,,,,,,,,,,,,,,,,,,,,,,,,,,,,,,,,,,RTE: 114 SCHD: 4:38,--> O: 05:41 AM > L: 10:19 AM,RTE: 114 SCHD: 3:00,--> L: 10:45 AM > I: 01:45 PM,,,,,,,,,,,,,,,,,
Victory Bussaturday309,Victory Bus,2-28-2026,saturday,,,,309,2023-10-11 02:07 PM,,2023-10-12 1:51 AM,11.1,11.1,,114,4548,O,02:20 PM,L,09:52 PM,7:32,452,,114,4548,L,10:18 PM,CG,11:40 PM,1:22,82,,115,4548,CG,11:40 PM,I,01:49 AM,2:09,129,,,,,,,,,,,,,,,,,,,,,,,,,,,,,,,,,,,,,,,,,,,,,,,,,,,,,,,,,,,,,,,,RTE: 114 SCHD: 7:32,--> O: 02:20 PM > L: 09:52 PM,RTE: 114 SCHD: 1:22,--> L: 10:18 PM > CG: 11:40 PM,RTE: 115 SCHD: 2:09,--> CG: 11:40 PM > I: 01:49 AM,,,,,,,,,,,,,,,
Victory Bussaturday310,Victory Bus,2-28-2026,saturday,,,,310,2023-10-11 04:07 PM,,2023-10-12 12:08 AM,7.4,8.0,,114,4549,O,04:20 PM,L,07:21 PM,3:01,181,,114,4549,L,07:45 PM,CG,09:34 PM,1:49,109,,117,4549,CG,09:34 PM,I,12:06 AM,2:32,152,,,,,,,,,,,,,,,,,,,,,,,,,,,,,,,,,,,,,,,,,,,,,,,,,,,,,,,,,,,,,,,,RTE: 114 SCHD: 3:01,--> O: 04:20 PM > L: 07:21 PM,RTE: 114 SCHD: 1:49,--> L: 07:45 PM > CG: 09:34 PM,RTE: 117 SCHD: 2:32,--> CG: 09:34 PM > I: 12:06 AM,,,,,,,,,,,,,,,
Victory Bussaturday326,Victory Bus,2-28-2026,saturday,,,,326,2023-10-11 05:05 AM,,2023-10-11 4:48 PM,11.0,11.0,,115,4565,O,05:18 AM,L,01:03 PM,7:45,465,,115,4565,L,01:45 PM,CG,01:45 PM,0:00,0,,114,4565,CG,01:45 PM,I,04:46 PM,3:01,181,,,,,,,,,,,,,,,,,,,,,,,,,,,,,,,,,,,,,,,,,,,,,,,,,,,,,,,,,,,,,,,,RTE: 115 SCHD: 7:45,--> O: 05:18 AM > L: 01:03 PM,RTE: 115 SCHD: 0:00,--> L: 01:45 PM > CG: 01:45 PM,RTE: 114 SCHD: 3:01,--> CG: 01:45 PM > I: 04:46 PM,,,,,,,,,,,,,,,
Victory Bussaturday327,Victory Bus,2-28-2026,saturday,,,,327,2023-10-11 06:07 AM,,2023-10-11 2:27 PM,7.7,8.0,,115,4566,O,06:20 AM,L,10:02 AM,3:42,222,,115,4566,L,10:40 AM,I,02:25 PM,3:45,225,,,,,,,,,,,,,,,,,,,,,,,,,,,,,,,,,,,,,,,,,,,,,,,,,,,,,,,,,,,,,,,,,,,,,,,,,RTE: 115 SCHD: 3:42,--> O: 06:20 AM > L: 10:02 AM,RTE: 115 SCHD: 3:45,--> L: 10:40 AM > I: 02:25 PM,,,,,,,,,,,,,,,,,
Victory Bussaturday328,Victory Bus,2-28-2026,saturday,,,,328,2023-10-11 01:02 PM,,2023-10-11 11:10 PM,9.5,9.5,,115,4567,O,01:15 PM,L,08:51 PM,7:36,456,,115,4567,L,09:40 PM,I,11:08 PM,1:28,88,,,,,,,,,,,,,,,,,,,,,,,,,,,,,,,,,,,,,,,,,,,,,,,,,,,,,,,,,,,,,,,,,,,,,,,,,RTE: 115 SCHD: 7:36,--> O: 01:15 PM > L: 08:51 PM,RTE: 115 SCHD: 1:28,--> L: 09:40 PM > I: 11:08 PM,,,,,,,,,,,,,,,,,
Victory Bussaturday329,Victory Bus,2-28-2026,saturday,,,,329,2023-10-11 02:02 PM,,2023-10-12 12:10 AM,9.5,9.5,,115,4568,O,02:15 PM,L,09:48 PM,7:33,453,,115,4568,L,10:40 PM,I,12:08 AM,1:28,88,,,,,,,,,,,,,,,,,,,,,,,,,,,,,,,,,,,,,,,,,,,,,,,,,,,,,,,,,,,,,,,,,,,,,,,,,RTE: 115 SCHD: 7:33,--> O: 02:15 PM > L: 09:48 PM,RTE: 115 SCHD: 1:28,--> L: 10:40 PM > I: 12:08 AM,,,,,,,,,,,,,,,,,
Victory Bussaturday376,Victory Bus,2-28-2026,saturday,,,,376,2023-10-11 03:55 AM,,2023-10-11 2:05 PM,9.6,9.6,,117,4601,O,04:08 AM,L,08:13 AM,4:05,245,,117,4601,L,08:34 AM,I,02:03 PM,5:29,329,,,,,,,,,,,,,,,,,,,,,,,,,,,,,,,,,,,,,,,,,,,,,,,,,,,,,,,,,,,,,,,,,,,,,,,,,RTE: 117 SCHD: 4:05,--> O: 04:08 AM > L: 08:13 AM,RTE: 117 SCHD: 5:29,--> L: 08:34 AM > I: 02:03 PM,,,,,,,,,,,,,,,,,
Victory Bussaturday377,Victory Bus,2-28-2026,saturday,,,,377,2023-10-11 04:25 AM,,2023-10-11 2:36 PM,9.7,9.7,,117,4602,O,04:38 AM,L,08:45 AM,4:07,247,,117,4602,L,09:03 AM,I,02:34 PM,5:31,331,,,,,,,,,,,,,,,,,,,,,,,,,,,,,,,,,,,,,,,,,,,,,,,,,,,,,,,,,,,,,,,,,,,,,,,,,RTE: 117 SCHD: 4:07,--> O: 04:38 AM > L: 08:45 AM,RTE: 117 SCHD: 5:31,--> L: 09:03 AM > I: 02:34 PM,,,,,,,,,,,,,,,,,
Victory Bussaturday378,Victory Bus,2-28-2026,saturday,,,,378,2023-10-11 04:55 AM,,2023-10-11 2:21 PM,8.8,8.8,,117,4603,O,05:08 AM,L,11:54 AM,6:46,406,,117,4603,L,12:30 PM,I,02:19 PM,1:49,109,,,,,,,,,,,,,,,,,,,,,,,,,,,,,,,,,,,,,,,,,,,,,,,,,,,,,,,,,,,,,,,,,,,,,,,,,RTE: 117 SCHD: 6:46,--> O: 05:08 AM > L: 11:54 AM,RTE: 117 SCHD: 1:49,--> L: 12:30 PM > I: 02:19 PM,,,,,,,,,,,,,,,,,
Victory Bussaturday379,Victory Bus,2-28-2026,saturday,,,,379,2023-10-11 05:12 AM,,2023-10-11 1:33 PM,7.8,8.0,,117,4604,O,05:25 AM,L,07:43 AM,2:18,138,,117,4604,L,08:04 AM,I,01:31 PM,5:27,327,,,,,,,,,,,,,,,,,,,,,,,,,,,,,,,,,,,,,,,,,,,,,,,,,,,,,,,,,,,,,,,,,,,,,,,,,RTE: 117 SCHD: 2:18,--> O: 05:25 AM > L: 07:43 AM,RTE: 117 SCHD: 5:27,--> L: 08:04 AM > I: 01:31 PM,,,,,,,,,,,,,,,,,
Victory Bussaturday380,Victory Bus,2-28-2026,saturday,,,,380,2023-10-11 05:25 AM,,2023-10-11 2:51 PM,8.8,8.8,,117,4605,O,05:38 AM,L,12:25 PM,6:47,407,,117,4605,L,01:00 PM,I,02:49 PM,1:49,109,,,,,,,,,,,,,,,,,,,,,,,,,,,,,,,,,,,,,,,,,,,,,,,,,,,,,,,,,,,,,,,,,,,,,,,,,RTE: 117 SCHD: 6:47,--> O: 05:38 AM > L: 12:25 PM,RTE: 117 SCHD: 1:49,--> L: 01:00 PM > I: 02:49 PM,,,,,,,,,,,,,,,,,
Victory Bussaturday381,Victory Bus,2-28-2026,saturday,,,,381,2023-10-11 11:12 AM,,2023-10-11 7:27 PM,7.6,8.0,,117,4606,O,11:25 AM,L,02:30 PM,3:05,185,,117,4606,L,02:59 PM,I,07:25 PM,4:26,266,,,,,,,,,,,,,,,,,,,,,,,,,,,,,,,,,,,,,,,,,,,,,,,,,,,,,,,,,,,,,,,,,,,,,,,,,RTE: 117 SCHD: 3:05,--> O: 11:25 AM > L: 02:30 PM,RTE: 117 SCHD: 4:26,--> L: 02:59 PM > I: 07:25 PM,,,,,,,,,,,,,,,,,
Victory Bussaturday382,Victory Bus,2-28-2026,saturday,,,,382,2023-10-11 12:42 PM,,2023-10-11 11:27 PM,10.1,10.1,,117,4607,O,12:55 PM,L,06:55 PM,6:00,360,,117,4607,L,07:29 PM,I,11:25 PM,3:56,236,,,,,,,,,,,,,,,,,,,,,,,,,,,,,,,,,,,,,,,,,,,,,,,,,,,,,,,,,,,,,,,,,,,,,,,,,RTE: 117 SCHD: 6:00,--> O: 12:55 PM > L: 06:55 PM,RTE: 117 SCHD: 3:56,--> L: 07:29 PM > I: 11:25 PM,,,,,,,,,,,,,,,,,
Victory Bussaturday383,Victory Bus,2-28-2026,saturday,,,,383,2023-10-11 12:45 PM,,2023-10-11 11:46 PM,10.3,10.3,,117,4608,O,12:58 PM,L,05:57 PM,4:59,299,,117,4608,L,06:28 PM,CG,09:13 PM,2:45,165,,114,4608,CG,09:13 PM,I,11:44 PM,2:31,151,,,,,,,,,,,,,,,,,,,,,,,,,,,,,,,,,,,,,,,,,,,,,,,,,,,,,,,,,,,,,,,,RTE: 117 SCHD: 4:59,--> O: 12:58 PM > L: 05:57 PM,RTE: 117 SCHD: 2:45,--> L: 06:28 PM > CG: 09:13 PM,RTE: 114 SCHD: 2:31,--> CG: 09:13 PM > I: 11:44 PM,,,,,,,,,,,,,,,
Victory Bussaturday384,Victory Bus,2-28-2026,saturday,,,,384,2023-10-11 01:12 PM,,2023-10-11 9:26 PM,7.6,8.0,,117,4609,O,01:25 PM,L,07:21 PM,5:56,356,,117,4609,L,07:58 PM,I,09:24 PM,1:26,86,,,,,,,,,,,,,,,,,,,,,,,,,,,,,,,,,,,,,,,,,,,,,,,,,,,,,,,,,,,,,,,,,,,,,,,,,RTE: 117 SCHD: 5:56,--> O: 01:25 PM > L: 07:21 PM,RTE: 117 SCHD: 1:26,--> L: 07:58 PM > I: 09:24 PM,,,,,,,,,,,,,,,,,
Victory Bussaturday385,Victory Bus,2-28-2026,saturday,,,,385,2023-10-11 01:15 PM,,2023-10-11 10:27 PM,8.5,8.5,,117,4610,O,01:28 PM,L,08:26 PM,6:58,418,,117,4610,L,09:01 PM,I,10:25 PM,1:24,84,,,,,,,,,,,,,,,,,,,,,,,,,,,,,,,,,,,,,,,,,,,,,,,,,,,,,,,,,,,,,,,,,,,,,,,,,RTE: 117 SCHD: 6:58,--> O: 01:28 PM > L: 08:26 PM,RTE: 117 SCHD: 1:24,--> L: 09:01 PM > I: 10:25 PM,,,,,,,,,,,,,,,,,
Victory Bussaturday386,Victory Bus,2-28-2026,saturday,,,,386,2023-10-11 01:42 PM,,2023-10-12 12:30 AM,10.1,10.1,,117,4611,O,01:55 PM,L,07:51 PM,5:56,356,,117,4611,L,08:30 PM,I,12:28 AM,3:58,238,,,,,,,,,,,,,,,,,,,,,,,,,,,,,,,,,,,,,,,,,,,,,,,,,,,,,,,,,,,,,,,,,,,,,,,,,RTE: 117 SCHD: 5:56,--> O: 01:55 PM > L: 07:51 PM,RTE: 117 SCHD: 3:58,--> L: 08:30 PM > I: 12:28 AM,,,,,,,,,,,,,,,,,
Victory Bussaturday401,Victory Bus,2-28-2026,saturday,,,,401,2023-10-11 05:40 AM,,2023-10-11 3:40 PM,9.4,9.4,,118,4631,O,05:53 AM,L,09:08 AM,3:15,195,,118,4631,L,09:35 AM,I,03:38 PM,6:03,363,,,,,,,,,,,,,,,,,,,,,,,,,,,,,,,,,,,,,,,,,,,,,,,,,,,,,,,,,,,,,,,,,,,,,,,,,RTE: 118 SCHD: 3:15,--> O: 05:53 AM > L: 09:08 AM,RTE: 118 SCHD: 6:03,--> L: 09:35 AM > I: 03:38 PM,,,,,,,,,,,,,,,,,
Victory Bussaturday402,Victory Bus,2-28-2026,saturday,,,,402,2023-10-11 06:40 AM,,2023-10-11 3:02 PM,7.7,8.0,,118,4632,O,06:53 AM,L,10:38 AM,3:45,225,,118,4632,L,11:25 AM,CG,11:25 AM,0:00,0,,123,4632,CG,11:25 AM,I,03:00 PM,3:35,215,,,,,,,,,,,,,,,,,,,,,,,,,,,,,,,,,,,,,,,,,,,,,,,,,,,,,,,,,,,,,,,,RTE: 118 SCHD: 3:45,--> O: 06:53 AM > L: 10:38 AM,RTE: 118 SCHD: 0:00,--> L: 11:25 AM > CG: 11:25 AM,RTE: 123 SCHD: 3:35,--> CG: 11:25 AM > I: 03:00 PM,,,,,,,,,,,,,,,
Victory Bussaturday403,Victory Bus,2-28-2026,saturday,,,,403,2023-10-11 09:57 AM,,2023-10-11 7:52 PM,9.3,9.3,,118,4633,O,10:10 AM,L,06:11 PM,8:01,481,,118,4633,L,06:35 PM,I,07:50 PM,1:15,75,,,,,,,,,,,,,,,,,,,,,,,,,,,,,,,,,,,,,,,,,,,,,,,,,,,,,,,,,,,,,,,,,,,,,,,,,RTE: 118 SCHD: 8:01,--> O: 10:10 AM > L: 06:11 PM,RTE: 118 SCHD: 1:15,--> L: 06:35 PM > I: 07:50 PM,,,,,,,,,,,,,,,,,
Victory Bussaturday426,Victory Bus,2-28-2026,saturday,,,,426,2023-10-11 04:52 AM,,2023-10-11 1:29 PM,7.9,8.0,,119,4621,O,05:05 AM,L,07:56 AM,2:51,171,,119,4621,L,08:35 AM,I,01:27 PM,4:52,292,,,,,,,,,,,,,,,,,,,,,,,,,,,,,,,,,,,,,,,,,,,,,,,,,,,,,,,,,,,,,,,,,,,,,,,,,RTE: 119 SCHD: 2:51,--> O: 05:05 AM > L: 07:56 AM,RTE: 119 SCHD: 4:52,--> L: 08:35 AM > I: 01:27 PM,,,,,,,,,,,,,,,,,
Victory Bussaturday427,Victory Bus,2-28-2026,saturday,,,,427,2023-10-11 06:07 AM,,2023-10-11 2:48 PM,8.0,8.0,,119,4622,O,06:20 AM,L,11:40 AM,5:20,320,,119,4622,L,12:15 PM,I,02:46 PM,2:31,151,,,,,,,,,,,,,,,,,,,,,,,,,,,,,,,,,,,,,,,,,,,,,,,,,,,,,,,,,,,,,,,,,,,,,,,,,RTE: 119 SCHD: 5:20,--> O: 06:20 AM > L: 11:40 AM,RTE: 119 SCHD: 2:31,--> L: 12:15 PM > I: 02:46 PM,,,,,,,,,,,,,,,,,
Victory Bussaturday428,Victory Bus,2-28-2026,saturday,,,,428,2023-10-11 12:32 PM,,2023-10-12 12:11 AM,11.0,11.0,,119,4623,O,12:45 PM,L,05:58 PM,5:13,313,,119,4623,L,06:30 PM,I,12:09 AM,5:39,339,,,,,,,,,,,,,,,,,,,,,,,,,,,,,,,,,,,,,,,,,,,,,,,,,,,,,,,,,,,,,,,,,,,,,,,,,RTE: 119 SCHD: 5:13,--> O: 12:45 PM > L: 05:58 PM,RTE: 119 SCHD: 5:39,--> L: 06:30 PM > I: 12:09 AM,,,,,,,,,,,,,,,,,
Victory Bussaturday429,Victory Bus,2-28-2026,saturday,,,,429,2023-10-11 01:47 PM,,2023-10-11 11:01 PM,8.6,8.6,,119,4624,O,02:00 PM,L,04:43 PM,2:43,163,,119,4624,L,05:15 PM,I,10:59 PM,5:44,344,,,,,,,,,,,,,,,,,,,,,,,,,,,,,,,,,,,,,,,,,,,,,,,,,,,,,,,,,,,,,,,,,,,,,,,,,RTE: 119 SCHD: 2:43,--> O: 02:00 PM > L: 04:43 PM,RTE: 119 SCHD: 5:44,--> L: 05:15 PM > I: 10:59 PM,,,,,,,,,,,,,,,,,
Victory Bussaturday451,Victory Bus,2-28-2026,saturday,,,,451,2023-10-11 09:17 AM,,2023-10-11 7:24 PM,9.6,9.6,,120,4651,O,09:30 AM,L,01:16 PM,3:46,226,,120,4651,L,01:35 PM,I,07:22 PM,5:47,347,,,,,,,,,,,,,,,,,,,,,,,,,,,,,,,,,,,,,,,,,,,,,,,,,,,,,,,,,,,,,,,,,,,,,,,,,RTE: 120 SCHD: 3:46,--> O: 09:30 AM > L: 01:16 PM,RTE: 120 SCHD: 5:47,--> L: 01:35 PM > I: 07:22 PM,,,,,,,,,,,,,,,,,
Victory Bussaturday501,Victory Bus,2-28-2026,saturday,,,,501,2023-10-11 06:33 AM,,2023-10-11 3:32 PM,8.3,8.3,,123,4685,O,06:46 AM,L,11:21 AM,4:35,275,,123,4685,L,11:55 AM,I,03:30 PM,3:35,215,,,,,,,,,,,,,,,,,,,,,,,,,,,,,,,,,,,,,,,,,,,,,,,,,,,,,,,,,,,,,,,,,,,,,,,,,RTE: 123 SCHD: 4:35,--> O: 06:46 AM > L: 11:21 AM,RTE: 123 SCHD: 3:35,--> L: 11:55 AM > I: 03:30 PM,,,,,,,,,,,,,,,,,
Victory Bussaturday502,Victory Bus,2-28-2026,saturday,,,,502,2023-10-11 07:08 AM,,2023-10-11 5:59 PM,10.2,10.2,,123,4686,O,07:21 AM,L,11:51 AM,4:30,270,,123,4686,L,12:25 PM,I,05:57 PM,5:32,332,,,,,,,,,,,,,,,,,,,,,,,,,,,,,,,,,,,,,,,,,,,,,,,,,,,,,,,,,,,,,,,,,,,,,,,,,RTE: 123 SCHD: 4:30,--> O: 07:21 AM > L: 11:51 AM,RTE: 123 SCHD: 5:32,--> L: 12:25 PM > I: 05:57 PM,,,,,,,,,,,,,,,,,
Victory Bussaturday503,Victory Bus,2-28-2026,saturday,,,,503,2023-10-11 07:38 AM,,2023-10-11 6:52 PM,10.6,10.6,,123,4687,O,07:51 AM,L,02:51 PM,7:00,420,,123,4687,L,03:35 PM,CG,03:35 PM,0:00,0,,118,4687,CG,03:35 PM,I,06:50 PM,3:15,195,,,,,,,,,,,,,,,,,,,,,,,,,,,,,,,,,,,,,,,,,,,,,,,,,,,,,,,,,,,,,,,,RTE: 123 SCHD: 7:00,--> O: 07:51 AM > L: 02:51 PM,RTE: 123 SCHD: 0:00,--> L: 03:35 PM > CG: 03:35 PM,RTE: 118 SCHD: 3:15,--> CG: 03:35 PM > I: 06:50 PM,,,,,,,,,,,,,,,
Victory Bussaturday504,Victory Bus,2-28-2026,saturday,,,,504,2023-10-11 02:38 PM,,2023-10-12 12:01 AM,8.7,8.7,,123,4688,O,02:51 PM,L,09:51 PM,7:00,420,,123,4688,L,10:38 PM,CG,10:38 PM,0:00,0,,125,4688,CG,10:38 PM,I,11:59 PM,1:21,81,,,,,,,,,,,,,,,,,,,,,,,,,,,,,,,,,,,,,,,,,,,,,,,,,,,,,,,,,,,,,,,,RTE: 123 SCHD: 7:00,--> O: 02:51 PM > L: 09:51 PM,RTE: 123 SCHD: 0:00,--> L: 10:38 PM > CG: 10:38 PM,RTE: 125 SCHD: 1:21,--> CG: 10:38 PM > I: 11:59 PM,,,,,,,,,,,,,,,
Victory Bussaturday505,Victory Bus,2-28-2026,saturday,,,,505,2023-10-11 03:08 PM,,2023-10-11 11:39 PM,7.8,8.0,,123,4689,O,03:21 PM,L,08:25 PM,5:04,304,,123,4689,L,09:00 PM,CG,10:55 PM,1:55,115,,104,4689,CG,10:55 PM,I,11:37 PM,0:42,42,,,,,,,,,,,,,,,,,,,,,,,,,,,,,,,,,,,,,,,,,,,,,,,,,,,,,,,,,,,,,,,,RTE: 123 SCHD: 5:04,--> O: 03:21 PM > L: 08:25 PM,RTE: 123 SCHD: 1:55,--> L: 09:00 PM > CG: 10:55 PM,RTE: 104 SCHD: 0:42,--> CG: 10:55 PM > I: 11:37 PM,,,,,,,,,,,,,,,
Victory Bussaturday526,Victory Bus,2-28-2026,saturday,,,,526,2023-10-11 04:21 AM,,2023-10-11 2:24 PM,9.4,9.4,,125,4701,O,04:34 AM,L,10:10 AM,5:36,336,,125,4701,L,11:10 AM,I,02:22 PM,3:12,192,,,,,,,,,,,,,,,,,,,,,,,,,,,,,,,,,,,,,,,,,,,,,,,,,,,,,,,,,,,,,,,,,,,,,,,,,RTE: 125 SCHD: 5:36,--> O: 04:34 AM > L: 10:10 AM,RTE: 125 SCHD: 3:12,--> L: 11:10 AM > I: 02:22 PM,,,,,,,,,,,,,,,,,
Victory Bussaturday527,Victory Bus,2-28-2026,saturday,,,,527,2023-10-11 05:33 AM,,2023-10-11 3:02 PM,8.8,8.8,,125,4702,O,05:46 AM,L,09:06 AM,3:20,200,,125,4702,L,10:12 AM,I,03:00 PM,4:48,288,,,,,,,,,,,,,,,,,,,,,,,,,,,,,,,,,,,,,,,,,,,,,,,,,,,,,,,,,,,,,,,,,,,,,,,,,RTE: 125 SCHD: 3:20,--> O: 05:46 AM > L: 09:06 AM,RTE: 125 SCHD: 4:48,--> L: 10:12 AM > I: 03:00 PM,,,,,,,,,,,,,,,,,
Victory Bussaturday528,Victory Bus,2-28-2026,saturday,,,,528,2023-10-11 06:12 AM,,2023-10-11 3:47 PM,8.9,8.9,,125,4703,O,06:25 AM,CG,10:05 AM,3:40,220,,104,4703,CG,10:05 AM,L,12:36 PM,2:31,151,,104,4703,L,01:05 PM,I,03:45 PM,2:40,160,,,,,,,,,,,,,,,,,,,,,,,,,,,,,,,,,,,,,,,,,,,,,,,,,,,,,,,,,,,,,,,,RTE: 125 SCHD: 3:40,--> O: 06:25 AM > CG: 10:05 AM,RTE: 104 SCHD: 2:31,--> CG: 10:05 AM > L: 12:36 PM,RTE: 104 SCHD: 2:40,--> L: 01:05 PM > I: 03:45 PM,,,,,,,,,,,,,,,
Victory Bussaturday529,Victory Bus,2-28-2026,saturday,,,,529,2023-10-11 06:20 AM,,2023-10-11 4:01 PM,9.0,9.0,,125,4704,O,06:33 AM,L,09:26 AM,2:53,173,,125,4704,L,10:04 AM,CG,01:55 PM,3:51,231,,108,4704,CG,01:55 PM,I,03:59 PM,2:04,124,,,,,,,,,,,,,,,,,,,,,,,,,,,,,,,,,,,,,,,,,,,,,,,,,,,,,,,,,,,,,,,,RTE: 125 SCHD: 2:53,--> O: 06:33 AM > L: 09:26 AM,RTE: 125 SCHD: 3:51,--> L: 10:04 AM > CG: 01:55 PM,RTE: 108 SCHD: 2:04,--> CG: 01:55 PM > I: 03:59 PM,,,,,,,,,,,,,,,
Victory Bussaturday530,Victory Bus,2-28-2026,saturday,,,,530,2023-10-11 07:14 AM,,2023-10-11 7:00 PM,11.2,11.2,,125,4705,O,07:27 AM,CG,10:00 AM,2:33,153,,109,4705,CG,10:00 AM,L,11:55 AM,1:55,115,,109,4705,L,12:20 PM,I,06:58 PM,6:38,398,,,,,,,,,,,,,,,,,,,,,,,,,,,,,,,,,,,,,,,,,,,,,,,,,,,,,,,,,,,,,,,,RTE: 125 SCHD: 2:33,--> O: 07:27 AM > CG: 10:00 AM,RTE: 109 SCHD: 1:55,--> CG: 10:00 AM > L: 11:55 AM,RTE: 109 SCHD: 6:38,--> L: 12:20 PM > I: 06:58 PM,,,,,,,,,,,,,,,
Victory Bussaturday531,Victory Bus,2-28-2026,saturday,05:35 PM,1Hrs 16Min,4560,531,2023-10-11 08:02 AM,,2023-10-11 7:39 PM,10.8,10.8,,125,4706,O,08:15 AM,CG,11:45 AM,3:30,210,,108,4706,CG,11:45 AM,I,04:19 PM,4:34,274,5:25,109,4410,O,05:35 PM,I,07:37 PM,2:02,122,,,,,,,,,,,,,,,,,,,,,,,,,,,,,,,,,,,,,,,,,,,,,,,,,,,,,,,,,,,,,,,,RTE: 125 SCHD: 3:30,--> O: 08:15 AM > CG: 11:45 AM,RTE: 108 SCHD: 4:34,--> CG: 11:45 AM > I: 04:19 PM,RTE: 109 SCHD: 2:02,--> O: 05:35 PM > I: 07:37 PM,,,,,,,,,,,,,,,
Victory Bussaturday532,Victory Bus,2-28-2026,saturday,,,,532,2023-10-11 08:24 AM,,2023-10-11 8:42 PM,11.6,11.6,,125,4707,O,08:37 AM,L,11:38 AM,3:01,181,,125,4707,L,12:10 PM,I,08:40 PM,8:30,510,,,,,,,,,,,,,,,,,,,,,,,,,,,,,,,,,,,,,,,,,,,,,,,,,,,,,,,,,,,,,,,,,,,,,,,,,RTE: 125 SCHD: 3:01,--> O: 08:37 AM > L: 11:38 AM,RTE: 125 SCHD: 8:30,--> L: 12:10 PM > I: 08:40 PM,,,,,,,,,,,,,,,,,
Victory Bussaturday533,Victory Bus,2-28-2026,saturday,,,,533,2023-10-11 09:14 AM,,2023-10-11 7:26 PM,9.5,9.5,,125,4708,O,09:27 AM,CG,12:05 PM,2:38,158,,103,4708,CG,12:05 PM,L,01:21 PM,1:16,76,,103,4708,L,02:05 PM,CG,03:45 PM,1:40,100,,106,4708,CG,03:45 PM,CG,06:05 PM,2:20,140,,103,4708,CG,06:05 PM,I,07:24 PM,1:19,79,,,,,,,,,,,,,,,,,,,,,,,,,,,,,,,,,,,,,,,,,,,,,,RTE: 125 SCHD: 2:38,--> O: 09:27 AM > CG: 12:05 PM,RTE: 103 SCHD: 1:16,--> CG: 12:05 PM > L: 01:21 PM,RTE: 103 SCHD: 1:40,--> L: 02:05 PM > CG: 03:45 PM,RTE: 106 SCHD: 2:20,--> CG: 03:45 PM > CG: 06:05 PM,RTE: 103 SCHD: 1:19,--> CG: 06:05 PM > I: 07:24 PM,,,,,,,,,,,
Victory Bussaturday534,Victory Bus,2-28-2026,saturday,,,,534,2023-10-11 10:16 AM,,2023-10-11 10:16 PM,11.3,11.3,,125,4709,O,10:29 AM,CG,12:55 PM,2:26,146,,108,4709,CG,12:55 PM,L,02:53 PM,1:58,118,,108,4709,L,03:35 PM,I,10:14 PM,6:39,399,,,,,,,,,,,,,,,,,,,,,,,,,,,,,,,,,,,,,,,,,,,,,,,,,,,,,,,,,,,,,,,,RTE: 125 SCHD: 2:26,--> O: 10:29 AM > CG: 12:55 PM,RTE: 108 SCHD: 1:58,--> CG: 12:55 PM > L: 02:53 PM,RTE: 108 SCHD: 6:39,--> L: 03:35 PM > I: 10:14 PM,,,,,,,,,,,,,,,
Victory Bussaturday535,Victory Bus,2-28-2026,saturday,,,,535,2023-10-11 01:22 PM,,2023-10-12 12:15 AM,10.2,10.2,,125,4710,O,01:35 PM,L,04:57 PM,3:22,202,,125,4710,L,06:10 PM,I,12:13 AM,6:03,363,,,,,,,,,,,,,,,,,,,,,,,,,,,,,,,,,,,,,,,,,,,,,,,,,,,,,,,,,,,,,,,,,,,,,,,,,RTE: 125 SCHD: 3:22,--> O: 01:35 PM > L: 04:57 PM,RTE: 125 SCHD: 6:03,--> L: 06:10 PM > I: 12:13 AM,,,,,,,,,,,,,,,,,
Victory Bussaturday536,Victory Bus,2-28-2026,saturday,,,,536,2023-10-11 01:50 PM,,2023-10-11 10:53 PM,8.4,8.4,,125,4711,O,02:03 PM,L,05:22 PM,3:19,199,,125,4711,L,06:03 PM,I,10:51 PM,4:48,288,,,,,,,,,,,,,,,,,,,,,,,,,,,,,,,,,,,,,,,,,,,,,,,,,,,,,,,,,,,,,,,,,,,,,,,,,RTE: 125 SCHD: 3:19,--> O: 02:03 PM > L: 05:22 PM,RTE: 125 SCHD: 4:48,--> L: 06:03 PM > I: 10:51 PM,,,,,,,,,,,,,,,,,
Victory Bussaturday537,Victory Bus,2-28-2026,saturday,,,,537,2023-10-11 04:41 PM,,2023-10-12 1:04 AM,7.7,8.0,,125,4712,O,04:54 PM,L,09:39 PM,4:45,285,,125,4712,L,10:15 PM,I,01:02 AM,2:47,167,,,,,,,,,,,,,,,,,,,,,,,,,,,,,,,,,,,,,,,,,,,,,,,,,,,,,,,,,,,,,,,,,,,,,,,,,RTE: 125 SCHD: 4:45,--> O: 04:54 PM > L: 09:39 PM,RTE: 125 SCHD: 2:47,--> L: 10:15 PM > I: 01:02 AM,,,,,,,,,,,,,,,,,
Victory Bussaturday556,Victory Bus,2-28-2026,saturday,,,,556,2023-10-11 06:18 AM,,2023-10-11 5:24 PM,10.5,10.5,,126,4781,O,06:31 AM,CG,07:30 AM,0:59,59,,110,4781,CG,07:30 AM,L,09:17 AM,1:47,107,,110,4781,L,09:45 AM,CG,03:20 PM,5:35,335,,109,4781,CG,03:20 PM,I,05:22 PM,2:02,122,,,,,,,,,,,,,,,,,,,,,,,,,,,,,,,,,,,,,,,,,,,,,,,,,,,,,,,RTE: 126 SCHD: 0:59,--> O: 06:31 AM > CG: 07:30 AM,RTE: 110 SCHD: 1:47,--> CG: 07:30 AM > L: 09:17 AM,RTE: 110 SCHD: 5:35,--> L: 09:45 AM > CG: 03:20 PM,RTE: 109 SCHD: 2:02,--> CG: 03:20 PM > I: 05:22 PM,,,,,,,,,,,,,
